2054702008
2516103592
3342014434
2054151941
3347904189
2562828088
2052183060
3346951885
2518022252
2565042650
3342331637
2565048010
2052183619
3347906830
2052831697
2566563841
3344130978
2566513206
3342011443
2563759466
3343241706
3347900361
2562673658
2562211374
2566518051
3344131325
2058350440
2562820814
3343009255
2058354126
2566541604
2518023114
2052184925
2515256372
2566562024
2057948286
2515257493
3343241221
2562219481
2562211141
2054709964
2566511515
2515255938
3342334446
2058352710
2566516488
2562679516
2052189622
2518027677
3345879110
2518029479
3346957342
2562673556
2562424040
2516803311
2515255287
2562215921
2055059063
3343241088
3342086878
2565047814
2566540824
3343243785
2562216095
2512151253
2566548886
2516806369
3343008321
2058350195
2055059953
2562821913
2562826067
3343004623
3347902156
2518024377
2052182902
2566547001
2516101232
2052185700
3346951189
2054150258
2512159741
3342332992
3342011892
2516803366
2562212156
2566569868
2052184113
2058352846
2569904628
3343244574
2052186020
3342330108
2052188798
3342016311
2054389918
3343680127
3342339718
2562827949
2516107966
3344372248
2563903201
3348120244
2566511300
3343003382
3343248948
3342334128
2566516650
3344371281
3343005351
2566563444
2565043779
2052182780
2562676300
2054151409
3343680446
3343680142
2562671471
2562822763
2058356825
2565042528
2516105473
2566569984
2052832555
3343002255
3343688998
2516106990
2563759756
2568439237
2565042781
2562827016
2052095716
2566516722
2052185050
2054702220
2052188926
2562219192
3343244778
2563754712
2058350135
2516109988
2516105275
2054709810
3343246125
2566561491
2516105044
2566513709
2569909310
3346950962
3344370184
2515257868
2563907075
2566519794
2566879831
2562212475
2516109391
3348122524
2052182049
2516105816
2516801411
2563752548
2054704526
2055469986
2052836061
2054382898
2565049219
3343242288
2516101164
2516107595
2512150818
3343001651
2516801114
2052095754
3343678057
2054708260
2054150377
2052188265
2563753262
2566513666
3342018921
2052181169
2052184479
3343007992
3343006949
3347903493
2563900010
2052180626
2562218183
3342335595
2058352416
2054705109
3343244212
2058352603
3346952850
2563906491
2565482153
3343002619
2516107798
3346952034
2563905612
2566547800
2566519727
3346959520
2512152801
2516802805
2058353315
2564007363
2054709521
3347902934
2516808095
3347905322
3345874832
3344371776
2562828490
2058357946
3342017313
2562211848
2058355629
3347902708
2512159418
2052180918
3347904622
2566565865
2566511011
3343684721
2566565950
2516807356
2052181226
3343006359
2054704030
2058351773
2562215618
2512153132
2566518684
2565047099
2565480084
2569907204
3342015608
2052185518
2569905700
3343007676
3342018947
3346955936
2058352018
2516807426
2052188311
2566516786
2516101481
2516109544
2052181668
2052183053
2566546221
3343009407
2564008533
2566510036
2563755566
2566548977
2052187306
3342330851
3342333831
2566541995
2566544996
3343682853
3343008182
2566511683
2518027522
2563755824
2569901755
3343000587
3343681381
2058354326
2052097842
2055460895
2052837722
2054701107
2055055841
3347909982
2052182669
2565045006
2516105725
2566560323
3342330511
3345879671
3343682103
2054385574
2563903835
2516804189
3343678926
2566564066
2512150796
2563905596
2562823669
3342332283
2054705151
2058352737
2565040826
2054381677
2562677606
3342336161
2565045835